100;626;0.00035221576690673827;608;0.00040094852447509767;850;0.0009600400924682617;781;0.0005364894866943359
200;1592;0.0008666276931762696;1461;0.0011220455169677734;1918;0.0011636018753051758;1812;0.0013376474380493164
300;2474;0.0013486385345458985;2327;0.0017843246459960938;3211;0.0020344734191894533;3106;0.0020274877548217773
400;3647;0.001968121528625488;3395;0.0024529695510864258;4384;0.0025276899337768554;4150;0.0030341863632202147
500;4983;0.002713727951049805;4461;0.0028646707534790037;5756;0.003488969802856445;5341;0.0037900924682617186
600;5964;0.0032010316848754884;5491;0.0035486221313476562;7040;0.004578852653503418;6716;0.0044888734817504885
700;7154;0.003802967071533203;6612;0.004536247253417969;8752;0.005178594589233398;7936;0.005331015586853028
800;8562;0.004870963096618652;7954;0.004989004135131836;9789;0.005799651145935059;9187;0.006253266334533691
900;10172;0.005555295944213867;8936;0.005988597869873047;11464;0.006659245491027832;10483;0.007423305511474609
1000;11016;0.005875682830810547;10072;0.0067847251892089845;13043;0.007419228553771973;11766;0.008331060409545898
1100;12109;0.006436371803283691;11297;0.007563328742980957;14383;0.008230996131896973;13316;0.009271931648254395
1200;13521;0.007162165641784668;12393;0.008087658882141113;15830;0.009445285797119141;15068;0.010356712341308593
1300;14869;0.007773065567016601;13651;0.009017753601074218;17433;0.010418701171875;16269;0.010885882377624511
1400;16070;0.008644175529479981;15158;0.009866738319396972;19060;0.011239457130432128;18029;0.012014532089233398
1500;18000;0.009440374374389649;16447;0.010686111450195313;20973;0.012193846702575683;19401;0.012791132926940918
1600;18737;0.00998070240020752;17236;0.011394739151000977;21876;0.012664270401000977;20315;0.013481640815734863
1700;19991;0.010756850242614746;18655;0.012067437171936035;23746;0.013872933387756348;22315;0.014883899688720703
1800;22001;0.011693644523620605;19650;0.012943911552429199;25432;0.014350461959838866;23385;0.01573474407196045
1900;23519;0.01285536289215088;21549;0.014098000526428223;27265;0.015376996994018555;24770;0.0163405179977417
2000;24482;0.013148021697998048;22847;0.014956855773925781;29036;0.01616547107696533;26711;0.017501688003540038
2100;26050;0.014027261734008789;24342;0.015786290168762207;29983;0.016910862922668458;28044;0.01865086555480957
2200;27639;0.014760684967041016;25034;0.01650404930114746;31990;0.018303179740905763;29271;0.019512009620666505
2300;29621;0.016257429122924806;27017;0.01856708526611328;32741;0.018969130516052247;31407;0.020748186111450195
2400;30662;0.016217613220214845;28952;0.019746971130371094;34724;0.021166133880615234;32761;0.02239525318145752
2500;31914;0.016922402381896972;29410;0.019296765327453613;36159;0.021187257766723634;33734;0.021954035758972167
2600;33126;0.017507195472717285;30366;0.02001492977142334;38410;0.02161855697631836;35805;0.023332905769348145
2700;34766;0.01842052936553955;32106;0.021131300926208497;40195;0.022656011581420898;36842;0.024287104606628418
2800;35923;0.018733692169189454;33094;0.02164332866668701;41346;0.02317533493041992;38595;0.025570201873779296
2900;36725;0.019443440437316894;34888;0.022731256484985352;43091;0.0243023157119751;40402;0.026838111877441406
3000;39972;0.020994091033935548;37040;0.023779654502868654;46329;0.025843048095703126;42324;0.02807300090789795
3100;40679;0.021404027938842773;37642;0.02427821159362793;47796;0.026859974861145018;43304;0.028426337242126464
3200;42507;0.022243380546569824;38440;0.02579004764556885;47916;0.02708280086517334;44215;0.02932705879211426
3300;44222;0.023186278343200684;40151;0.026422524452209474;51399;0.028476595878601074;46916;0.030783367156982423
3400;45062;0.02392721176147461;42545;0.026788043975830077;52803;0.029471683502197265;48060;0.03195962905883789
3500;46918;0.024913740158081055;42790;0.027087020874023437;54021;0.030100417137145997;49246;0.03282153606414795
3600;48444;0.025495409965515137;45037;0.028548240661621094;57407;0.03185026645660401;51579;0.03420820236206055
3700;49608;0.028456902503967284;45320;0.028866267204284667;58442;0.03208169937133789;53083;0.03489120006561279
3800;51617;0.02712407112121582;47139;0.029842591285705565;60605;0.03347868919372558;54374;0.035824704170227054
3900;52648;0.028352880477905275;49811;0.03135521411895752;62374;0.03452811241149902;56000;0.036650443077087404
4000;55593;0.029322052001953126;49759;0.03178651332855224;62980;0.03486156463623047;57384;0.037701416015625
4100;55419;0.02973363399505615;52152;0.03327100276947022;63646;0.03543436527252197;59128;0.03950221538543701
4200;58713;0.03085789680480957;52859;0.033811402320861814;66982;0.036962699890136716;61502;0.04040217399597168
4300;58435;0.030951666831970214;55049;0.03535623550415039;68271;0.037809109687805174;62833;0.04108564853668213
4400;61976;0.03226604461669922;56070;0.03556859493255615;71426;0.039024949073791504;64153;0.04233934879302979
4500;62250;0.0329035758972168;57891;0.03661046028137207;70449;0.03924560546875;66306;0.043714141845703124
4600;63508;0.033281779289245604;57855;0.03710393905639649;71946;0.040262269973754886;67715;0.044643068313598634
4700;65184;0.03420989513397217;59348;0.03770864009857178;75054;0.04186105728149414;69436;0.04555730819702149
4800;67774;0.035620808601379395;62238;0.03930819034576416;76990;0.04326660633087158;71367;0.04754583835601807
4900;70707;0.0380568265914917;64954;0.04264988899230957;79576;0.048233771324157716;72498;0.051956582069396975
5000;70685;0.04027392864227295;65016;0.04530792236328125;78274;0.04760477542877197;74520;0.05241613388061524
5100;70995;0.04177181720733643;67125;0.045698356628417966;81289;0.04850258827209473;76251;0.05609908103942871
5200;72037;0.04073972702026367;66926;0.044563698768615725;83738;0.04935474395751953;77560;0.05322394371032715
5300;77282;0.04317131042480469;70672;0.047686219215393066;85224;0.05055470466613769;79371;0.054557275772094724
5400;79417;0.04409105777740478;70767;0.04704756736755371;86881;0.05007903575897217;80584;0.05566320419311523
5500;78080;0.04271535873413086;72749;0.0485795259475708;90037;0.052273225784301755;82901;0.05746002197265625
5600;80961;0.04523143768310547;75278;0.04916360378265381;90658;0.05354971885681152;84227;0.05876402854919434
5700;81219;0.04546854496002197;75982;0.05106661319732666;93290;0.05354294776916504;85565;0.05875372886657715
5800;83633;0.046137881278991696;76907;0.05127971172332764;95487;0.05526902675628662;88167;0.0606837272644043
5900;83994;0.046352195739746097;79216;0.05247738361358643;97058;0.05681743621826172;89650;0.06230621337890625
6000;88597;0.04981462955474854;81232;0.05384924411773682;99266;0.058212780952453615;91029;0.06376092433929444
6100;88644;0.04973924160003662;82405;0.05417964458465576;99745;0.05831632614135742;92390;0.06400678157806397
6200;89257;0.04954710006713867;81676;0.05426332950592041;104678;0.061426329612731936;93262;0.06509585380554199
6300;95302;0.05220737457275391;86506;0.057370996475219725;104161;0.06076028347015381;95195;0.0669023036956787
6400;93126;0.05183687210083008;88164;0.05888588428497314;107692;0.06234290599822998;98119;0.0678290843963623
6500;95144;0.054056310653686525;88371;0.06170060634613037;107003;0.06251764297485352;100411;0.06978926658630372
6600;97694;0.05472738742828369;88831;0.060553574562072755;110535;0.06683650016784667;102847;0.07232980728149414
6700;101220;0.05839684009552002;92239;0.061546158790588376;113554;0.06528241634368896;104102;0.07158422470092773
6800;99784;0.0555511474609375;91255;0.06196272373199463;114730;0.06621723175048828;108032;0.07372052669525146
6900;102686;0.05864217281341553;97094;0.06623146533966065;113315;0.06636085510253906;109254;0.07514774799346924
7000;102555;0.05668206214904785;97160;0.06413955688476562;119034;0.06900122165679931;111781;0.07554123401641846
7100;104982;0.05765674114227295;94943;0.0631493330001831;118945;0.06942651271820069;111435;0.07660121917724609
7200;105982;0.05901024341583252;99310;0.06679811477661132;120654;0.06997320652008057;114741;0.07784087657928467
7300;107707;0.060618352890014646;98831;0.06552467346191407;123773;0.07319982051849365;116842;0.08048973083496094
7400;113388;0.06124114990234375;101478;0.0673337459564209;124698;0.07314205169677734;118332;0.08198931217193603
7500;112472;0.06377148628234863;103668;0.06886658668518067;126756;0.07398509979248047;119057;0.08258168697357178
7600;113956;0.06313722133636475;105675;0.06885607242584228;127252;0.0741335391998291;119501;0.0823214054107666
7700;117062;0.06558365821838379;109012;0.07057194709777832;131079;0.07663743495941162;123090;0.08496270179748536
7800;117602;0.06517894268035888;106000;0.07027392387390137;133734;0.07835233211517334;123939;0.08550841808319092
7900;118802;0.0654752492904663;108153;0.07202091217041015;134347;0.07785370349884033;123511;0.08414394855499267
8000;120270;0.06633827686309815;110924;0.07381997108459473;136078;0.07885088920593261;125258;0.08562166690826416
8100;123563;0.06748826503753662;112178;0.07449104785919189;136032;0.08013112545013427;127039;0.08806867599487304
8200;125928;0.06975064277648926;112260;0.07642533779144287;138816;0.08108134269714355;129954;0.08959338665008545
8300;126788;0.07014081478118897;114559;0.07745521068572998;142463;0.08347129821777344;131570;0.09026613235473632
8400;129966;0.07197954654693603;118078;0.07886688709259033;144264;0.08288040161132812;134009;0.09275979995727539
8500;128251;0.07043313980102539;121052;0.08036410808563232;146750;0.08606741428375245;135087;0.09417512416839599
8600;130943;0.07242493629455567;120306;0.07841050624847412;147001;0.0859360933303833;135459;0.09341800212860107
8700;135742;0.0746567964553833;122963;0.0839188814163208;150903;0.08800730705261231;137800;0.09469063282012939
8800;133245;0.07268438339233399;126075;0.08404710292816162;150794;0.08845586776733398;141245;0.09698889255523682
8900;137443;0.07526309490203857;127246;0.08464267253875732;155994;0.09011585712432861;140663;0.09850201606750489
9000;138406;0.07584571838378906;125943;0.08486731052398681;156313;0.09232969284057617;143824;0.09980459213256836
9100;139156;0.07512657642364502;127458;0.08387322425842285;155994;0.09068169593811035;143977;0.0999908685684204
9200;139688;0.07621574401855469;131536;0.086283278465271;160587;0.09398705959320068;147276;0.10256087779998779
9300;141437;0.08030731678009033;131179;0.08802452087402343;160712;0.09327571392059326;147555;0.10195047855377197
9400;141789;0.07827613353729249;131026;0.08608770370483398;163981;0.09588096141815186;150616;0.10397095680236816
9500;145535;0.08116517066955567;131507;0.0874631404876709;165791;0.09618120193481446;150635;0.10333859920501709
9600;147515;0.08161697387695313;135019;0.08960921764373779;164501;0.09584100246429443;153041;0.10416357517242432
9700;148208;0.08186578750610352;138161;0.09039397239685058;172618;0.0998699426651001;157246;0.10774989128112793
9800;153187;0.08503153324127197;141898;0.09473392963409424;169665;0.09927120208740234;157761;0.10968494415283203
9900;151592;0.0850297451019287;145363;0.09480857849121094;170063;0.09849088191986084;160937;0.11103789806365967
10000;156674;0.08449256420135498;147545;0.09662275314331055;172237;0.09994416236877442;160536;0.11176879405975342
