100;549;406;0.6318092346191406
100;576;421;0.6878376007080078
100;594;388;0.6608963012695312
100;638;439;0.8649826049804688
100;612;427;0.7596015930175781
100;673;463;0.7245540618896484
100;582;401;0.713348388671875
100;633;420;0.7672309875488281
100;648;369;0.7007122039794922
100;710;459;0.7843971252441406
200;1526;865;4.743099212646484
200;1454;996;1.5070438385009766
200;1508;1087;1.6200542449951172
200;1495;1154;1.6605854034423828
200;1449;852;1.621246337890625
200;1401;908;6.954431533813477
200;1539;1027;1.573324203491211
200;1474;947;1.5597343444824219
200;1539;1102;3.5893917083740234
200;1388;934;1.5175342559814453
300;2723;1616;2.738475799560547
300;2548;1493;2.6259422302246094
300;2327;1616;2.690553665161133
300;2469;1674;2.549886703491211
300;2692;1607;3.0455589294433594
300;2389;1499;6.875038146972656
300;2283;1462;6.071805953979492
300;2602;1673;4.28462028503418
300;2556;1758;5.383729934692383
300;2345;1581;2.4716854095458984
400;3407;2067;7.568120956420898
400;3570;1904;7.465600967407227
400;3652;2274;3.749370574951172
400;3536;2145;4.555463790893555
400;3704;2224;8.100271224975586
400;3609;2491;6.308078765869141
400;3844;2103;10.430574417114258
400;3530;2092;10.698556900024414
400;3567;2247;7.252931594848633
400;3282;2139;6.557464599609375
500;4633;2879;7.292747497558594
500;5007;2849;10.846138000488281
500;4536;2962;8.30078125
500;4297;2855;8.254766464233398
500;4928;2650;4.986047744750977
500;4880;3125;9.380102157592773
500;4438;2953;7.30443000793457
500;4632;2630;7.822751998901367
500;4453;2845;10.241508483886719
500;4407;2718;6.970882415771484
600;5650;3307;13.779401779174805
600;6395;4130;14.895915985107422
600;5632;3685;7.736921310424805
600;5601;3520;7.777214050292969
600;5801;3594;12.169361114501953
600;6059;3428;15.88129997253418
600;5740;3668;6.225347518920898
600;5449;3419;5.523681640625
600;5874;4181;12.025833129882812
600;5628;3542;7.993459701538086
700;6960;4528;7.213592529296875
700;6809;4089;10.548591613769531
700;7881;4391;7.734775543212891
700;6893;4336;6.999015808105469
700;6799;3993;15.262365341186523
700;6670;4523;9.462118148803711
700;7367;3895;14.880180358886719
700;7098;4583;7.052421569824219
700;6697;4383;7.405281066894531
700;6825;4469;10.004758834838867
800;8291;4370;8.238077163696289
800;8260;5323;16.16501808166504
800;8209;5250;8.361101150512695
800;7637;4390;14.030218124389648
800;8998;5005;9.678125381469727
800;7795;5079;13.435125350952148
800;8020;5107;8.638620376586914
800;8143;5078;16.0214900970459
800;8279;4918;9.161949157714844
800;8598;4912;8.729934692382812
900;9406;5624;12.421131134033203
900;10183;6052;19.67144012451172
900;8681;5643;9.022951126098633
900;8920;5750;24.57880973815918
900;9414;5760;9.331464767456055
900;8867;5792;9.321212768554688
900;8919;5397;15.749216079711914
900;9197;5778;33.78772735595703
900;9852;5607;18.332242965698242
900;9178;5554;16.996145248413086
1000;10284;6247;10.945558547973633
1000;9794;6131;9.95635986328125
1000;10919;6891;25.227785110473633
1000;10853;6487;13.397216796875
1000;10289;6475;19.685745239257812
1000;11078;6765;10.986804962158203
1000;10106;6011;13.701677322387695
1000;10327;6360;10.364055633544922
1000;9893;5873;13.406038284301758
1000;10949;6268;18.118619918823242
1100;11616;7362;12.892484664916992
1100;11653;7448;19.588947296142578
1100;11292;7192;12.469768524169922
1100;11629;6969;12.122869491577148
1100;11615;7337;17.612934112548828
1100;12281;8122;13.029098510742188
1100;12045;7343;21.758556365966797
1100;11728;7663;19.486665725708008
1100;10998;6807;12.184381484985352
1100;11943;7384;19.904136657714844
1200;13262;7291;19.865989685058594
1200;12988;8499;14.905452728271484
1200;13143;7979;23.065805435180664
1200;12687;7497;20.31087875366211
1200;13455;7931;14.251232147216797
1200;13223;8206;20.836353302001953
1200;13135;8259;18.93901824951172
1200;13268;7864;15.639305114746094
1200;13835;8526;21.404743194580078
1200;13110;8455;17.398834228515625
1300;14289;8036;14.088153839111328
1300;14518;9143;20.68495750427246
1300;13842;8319;26.923418045043945
1300;14815;9586;21.828651428222656
1300;13955;9590;21.410465240478516
1300;14490;9216;14.985322952270508
1300;13457;8077;21.093130111694336
1300;13810;8076;23.572683334350586
1300;14397;8522;15.045404434204102
1300;13951;9126;16.551733016967773
1400;15033;8963;23.489952087402344
1400;14309;9018;21.948575973510742
1400;14685;9230;24.46126937866211
1400;15753;9323;16.25347137451172
1400;15371;9625;18.744468688964844
1400;16070;10062;24.69158172607422
1400;15290;9287;22.93562889099121
1400;15354;8792;25.594472885131836
1400;15261;9313;15.276193618774414
1400;15048;8767;15.887737274169922
1500;17884;11402;26.553869247436523
1500;17454;10834;25.206327438354492
1500;17878;11225;28.3052921295166
1500;16605;11144;24.506092071533203
1500;16466;9890;23.90122413635254
1500;16596;10204;18.219947814941406
1500;16355;9975;19.214868545532227
1500;18427;11188;21.564245223999023
1500;17913;11560;25.632143020629883
1500;16803;10083;25.196075439453125
1600;19815;12493;29.387712478637695
1600;18011;10360;26.129961013793945
1600;18964;11018;26.987552642822266
1600;18816;11026;27.4810791015625
1600;19247;11431;29.526472091674805
1600;18015;11287;26.884794235229492
1600;17718;10961;25.811195373535156
1600;17891;11438;25.150775909423828
1600;18380;10243;23.818492889404297
1600;19256;10411;25.740861892700195
1700;19441;10820;21.1489200592041
1700;20200;12030;22.679805755615234
1700;18552;11106;23.62847328186035
1700;19068;11264;19.890546798706055
1700;19484;11502;19.743680953979492
1700;22020;13322;29.85239028930664
1700;19591;11380;22.2017765045166
1700;19580;11750;29.889822006225586
1700;20399;12197;27.616500854492188
1700;20610;13655;28.903961181640625
1800;20034;12302;29.730796813964844
1800;20900;12733;29.036521911621094
1800;21391;12833;28.510093688964844
1800;20520;12071;28.788328170776367
1800;20780;12421;30.33924102783203
1800;20240;12433;31.127452850341797
1800;21369;13053;23.075580596923828
1800;23565;14586;29.95133399963379
1800;20693;11703;24.194955825805664
1800;20575;11848;31.644105911254883
1900;22496;14297;30.62725067138672
1900;23883;13361;34.22951698303223
1900;22964;14707;30.40146827697754
1900;24316;13382;31.955480575561523
1900;22908;12773;29.790878295898438
1900;22743;13795;30.975341796875
1900;21121;12951;22.220849990844727
1900;22092;12286;32.056570053100586
1900;21949;12771;20.87545394897461
1900;22819;12897;35.356998443603516
2000;24260;13836;26.114225387573242
2000;23647;12445;34.132957458496094
2000;24238;14428;32.45663642883301
2000;23079;13957;32.04202651977539
2000;25032;13645;32.2723388671875
2000;24182;12563;34.10625457763672
2000;24087;14342;25.396108627319336
2000;24061;15745;34.60574150085449
2000;24037;12592;33.20741653442383
2000;24941;15877;32.959699630737305
2100;24768;12839;32.002925872802734
2100;25960;15274;35.82644462585449
2100;25003;14779;26.375770568847656
2100;26036;16018;34.09600257873535
2100;24912;16136;34.2252254486084
2100;27675;14333;35.176992416381836
2100;24387;14492;31.781435012817383
2100;23930;14513;28.02586555480957
2100;25553;15280;37.15968132019043
2100;26135;14471;33.677101135253906
2200;26614;14200;35.42065620422363
2200;27261;16269;35.50601005554199
2200;26108;15421;22.84526824951172
2200;27697;15274;39.39318656921387
2200;27802;17694;34.99865531921387
2200;28645;15659;35.994529724121094
2200;24825;15116;34.59978103637695
2200;25536;15740;46.799421310424805
2200;27953;16049;35.04300117492676
2200;28736;15910;38.240909576416016
2300;28104;15481;35.12167930603027
2300;29236;16869;36.68713569641113
2300;28665;17860;37.4453067779541
2300;28941;16896;39.345502853393555
2300;29301;18417;36.837100982666016
2300;30405;16838;39.54267501831055
2300;28038;16985;36.148786544799805
2300;29195;15532;36.676883697509766
2300;28186;16628;37.053823471069336
2300;31668;18868;39.01958465576172
2400;29587;16453;37.64843940734863
2400;30325;17861;40.11416435241699
2400;30945;16719;38.20323944091797
2400;28969;17296;38.915395736694336
2400;29962;17898;38.95378112792969
2400;29704;16692;38.06614875793457
2400;30740;19496;39.336204528808594
2400;29988;18551;39.176225662231445
2400;29728;18062;43.08366775512695
2400;28801;16253;37.21046447753906
2500;31245;18923;41.193485260009766
2500;30071;17530;39.772748947143555
2500;31304;18494;39.74151611328125
2500;30635;17577;41.3970947265625
2500;31746;18542;40.04240036010742
2500;30561;17103;38.92326354980469
2500;30193;18144;40.28725624084473
2500;29923;16719;40.04716873168945
2500;31397;20323;39.28852081298828
2500;31526;18458;42.2215461730957
2600;35956;20379;44.21353340148926
2600;30589;19306;39.276123046875
2600;32214;18635;43.111562728881836
2600;31539;19066;39.639949798583984
2600;33737;19407;42.463064193725586
2600;32128;19700;41.82243347167969
2600;33313;21244;42.49858856201172
2600;33073;19623;41.21088981628418
2600;31997;18592;43.496131896972656
2600;30471;18305;38.713693618774414
2700;33974;19972;41.9161319732666
2700;33808;19040;44.01397705078125
2700;32467;19382;42.28067398071289
2700;37531;23104;47.92451858520508
2700;35242;21771;46.36716842651367
2700;33234;20848;38.87820243835449
2700;33991;21201;42.67692565917969
2700;32384;18366;42.096614837646484
2700;33324;19609;43.239593505859375
2700;35606;22404;43.58696937561035
2800;34500;21282;44.18373107910156
2800;36830;20214;43.95794868469238
2800;35544;20759;45.140743255615234
2800;36444;19811;45.76539993286133
2800;35204;22221;44.523000717163086
2800;34487;19895;43.05863380432129
2800;34841;21354;59.80658531188965
2800;36558;21725;83.61196517944336
2800;35057;19788;76.42889022827148
2800;34445;21016;36.46683692932129
2900;38179;24033;52.40297317504883
2900;37760;22347;48.397064208984375
2900;35223;20801;42.786598205566406
2900;36064;21654;45.35531997680664
2900;38618;22642;46.846866607666016
2900;37123;23220;45.66025733947754
2900;36333;21483;43.64824295043945
2900;37771;23235;47.57046699523926
2900;37202;22706;44.41022872924805
2900;35476;22388;43.69759559631348
3000;40544;22223;49.179792404174805
3000;38753;23442;46.289682388305664
3000;40356;23013;50.17733573913574
3000;37528;21187;46.193838119506836
3000;38902;23571;47.07050323486328
3000;38751;22039;48.37393760681152
3000;37756;22489;44.887542724609375
3000;36798;22925;45.494794845581055
3000;38168;20946;44.73233222961426
3000;38357;22090;46.32234573364258
3100;39270;22011;48.937320709228516
3100;39874;25322;49.02172088623047
3100;40208;23384;59.937238693237305
3100;39271;25439;48.76232147216797
3100;37406;22476;45.259952545166016
3100;40751;21873;49.09849166870117
3100;43608;25115;52.50215530395508
3100;37748;22101;46.090126037597656
3100;38542;22976;47.6534366607666
3100;40073;23477;48.98524284362793
3200;40439;22853;50.206661224365234
3200;39355;23025;48.547983169555664
3200;43403;25746;52.25253105163574
3200;40778;24250;49.75152015686035
3200;40938;24129;51.12338066101074
3200;42281;26275;51.193952560424805
3200;40792;23965;50.11272430419922
3200;41863;23118;56.7476749420166
3200;41112;24576;51.143646240234375
3200;42093;25028;49.34811592102051
3300;40212;23591;50.80842971801758
3300;41936;25633;49.483537673950195
3300;44482;27061;53.04431915283203
3300;42160;25458;50.733089447021484
3300;42589;25759;52.40941047668457
3300;42916;24608;52.359580993652344
3300;40367;24016;50.16064643859863
3300;43604;27295;51.935672760009766
3300;41568;24489;50.963401794433594
3300;42890;26920;51.60188674926758
3400;45196;26113;51.637887954711914
3400;44908;28280;54.86655235290527
3400;44312;26588;56.46657943725586
3400;41340;23965;49.70097541809082
3400;44322;27888;54.247140884399414
3400;45767;26894;54.08430099487305
3400;45181;26462;55.31454086303711
3400;48458;26305;55.6941032409668
3400;43811;27534;54.60619926452637
3400;44256;24151;54.380178451538086
3500;44800;27647;53.88498306274414
3500;44180;23719;53.24959754943848
3500;46138;27632;56.9765567779541
3500;45463;25491;52.945852279663086
3500;50926;32113;61.887502670288086
3500;48401;28319;56.742191314697266
3500;45592;27609;56.688547134399414
3500;45076;25222;53.80105972290039
3500;47297;28736;59.53049659729004
3500;47059;29207;57.43265151977539
3600;45301;27301;58.110952377319336
3600;49164;31269;58.09521675109863
3600;47670;29847;58.85648727416992
3600;48154;27354;56.664228439331055
3600;46269;27612;56.903839111328125
3600;43542;24164;64.34416770935059
3600;45146;27607;55.89437484741211
3600;48056;27157;56.58721923828125
3600;44245;26861;55.762529373168945
3600;46095;27274;55.46879768371582
3700;49803;29760;60.60147285461426
3700;47652;29800;57.30390548706055
3700;47975;26885;58.46810340881348
3700;46904;27843;56.976318359375
3700;46027;26302;56.940555572509766
3700;49615;28807;58.28547477722168
3700;48998;27851;60.12749671936035
3700;48698;30021;57.57761001586914
3700;49032;27411;59.40866470336914
3700;49693;29706;58.78043174743652
3800;49524;28914;60.5013370513916
3800;50446;29767;59.39197540283203
3800;48745;29804;61.41233444213867
3800;50366;28130;58.40444564819336
3800;51223;28312;61.44404411315918
3800;49183;27318;58.20417404174805
3800;49009;29185;60.306549072265625
3800;48405;28581;59.751033782958984
3800;49324;26553;59.073448181152344
3800;51991;30695;60.79411506652832
3900;50862;28012;61.758995056152344
3900;51245;30316;61.63763999938965
3900;50690;29891;61.450958251953125
3900;54459;30692;62.413930892944336
3900;51902;30659;63.11154365539551
3900;50795;30715;60.20760536193848
3900;51095;29252;61.75494194030762
3900;51331;32483;61.058759689331055
3900;50825;29737;61.62261962890625
3900;52939;31309;61.42020225524902
4000;54972;31476;64.34798240661621
4000;53246;28438;59.55815315246582
4000;51823;30257;61.73968315124512
4000;52918;29614;60.97865104675293
4000;55309;30317;64.36419486999512
4000;57796;39132;66.47729873657227
4000;53726;33287;65.10496139526367
4000;54988;33389;64.69082832336426
4000;53980;32177;64.4674301147461
4000;52405;30804;62.4542236328125
4100;56418;31545;65.07468223571777
4100;55212;32597;64.06378746032715
4100;58375;31671;68.61209869384766
4100;54493;29838;63.025712966918945
4100;52849;32467;63.84682655334473
4100;53103;31688;62.35170364379883
4100;57699;37900;68.67456436157227
4100;53873;33773;63.0955696105957
4100;54186;33318;66.40911102294922
4100;53623;32010;62.63422966003418
4200;53760;30586;67.49725341796875
4200;56390;33306;67.74210929870605
4200;56017;29051;66.15829467773438
4200;61537;35416;68.6485767364502
4200;56647;32444;66.2837028503418
4200;54310;28528;62.521934509277344
4200;59534;36270;69.67878341674805
4200;57633;35698;66.51973724365234
4200;55041;33007;65.91272354125977
4200;56219;32779;64.75162506103516
4300;58416;33517;68.08853149414062
4300;55778;32503;64.59879875183105
4300;60650;38025;71.06900215148926
4300;59726;35462;67.9323673248291
4300;57535;35119;68.70365142822266
4300;59104;38222;70.89352607727051
4300;56456;34135;66.06626510620117
4300;57768;34682;66.91527366638184
4300;58857;33335;71.88987731933594
4300;57001;32204;67.81482696533203
4400;59844;33289;73.12679290771484
4400;59951;33723;71.20561599731445
4400;62766;35162;74.74064826965332
4400;58080;33609;70.41120529174805
4400;60668;35832;72.78919219970703
4400;59005;32010;68.65668296813965
4400;57484;34319;70.59884071350098
4400;58380;32584;69.08774375915527
4400;59713;34083;74.54490661621094
4400;58031;33133;71.70915603637695
4500;60912;39800;76.22957229614258
4500;58209;35308;71.62189483642578
4500;61028;35668;69.46682929992676
4500;59267;35633;67.48366355895996
4500;64564;38552;73.72546195983887
4500;59023;36747;67.61813163757324
4500;64090;35980;72.88813591003418
4500;60457;34155;68.13311576843262
4500;58869;32490;68.66049766540527
4500;61789;35803;70.25551795959473
4600;66340;36528;75.21367073059082
4600;61395;33193;69.04363632202148
4600;64013;34706;73.8515853881836
4600;60667;36622;69.34928894042969
4600;66934;37714;75.23202896118164
4600;65922;33749;72.3564624786377
4600;60290;34168;76.82347297668457
4600;60934;36755;70.23310661315918
4600;63542;36649;71.29955291748047
4600;61557;34336;69.25535202026367
4700;69146;37827;77.41308212280273
4700;63147;35869;70.7254409790039
4700;65151;36918;73.9603042602539
4700;64954;38282;72.70121574401855
4700;62929;37555;72.88861274719238
4700;64095;39757;76.7965316772461
4700;64570;36967;73.20737838745117
4700;62597;37356;71.55013084411621
4700;65878;40687;75.39701461791992
4700;60746;35554;80.82795143127441
4800;64534;34208;73.5177993774414
4800;67621;40705;75.2573013305664
4800;63206;39451;73.41694831848145
4800;64276;37486;70.28532028198242
4800;63844;38862;73.60506057739258
4800;64044;37159;71.38705253601074
4800;65270;36172;75.74582099914551
4800;64780;38442;73.95315170288086
4800;67780;39451;78.14598083496094
4800;63630;36013;71.78688049316406
4900;71204;40410;80.95860481262207
4900;69216;40373;76.81727409362793
4900;66710;37938;76.00665092468262
4900;69091;39217;75.8512020111084
4900;67167;39143;76.50327682495117
4900;65845;36276;73.72474670410156
4900;66666;37341;77.14200019836426
4900;64903;38048;73.3025074005127
4900;69876;39836;81.86221122741699
4900;67042;38553;78.21321487426758
5000;72431;41050;82.78822898864746
5000;70467;43893;78.87768745422363
5000;69615;40041;79.2839527130127
5000;70360;37694;77.24785804748535
5000;70195;39271;79.63919639587402
5000;69621;41507;77.89945602416992
5000;68005;41161;78.40967178344727
5000;68713;36772;76.2326717376709
5000;68045;40235;78.14383506774902
5000;69322;39240;76.79009437561035
5100;72623;42126;81.93016052246094
5100;70935;41162;79.21338081359863
5100;72621;43895;84.81669425964355
5100;69298;42920;78.17697525024414
5100;66917;38106;77.05020904541016
5100;67059;40305;75.96945762634277
5100;72401;45009;82.26180076599121
5100;70957;45617;79.7731876373291
5100;72720;44469;82.1080207824707
5100;71950;42896;79.12850379943848
5200;69597;41165;80.3060531616211
5200;75354;42619;80.71327209472656
5200;76021;47074;86.1051082611084
5200;72008;41998;79.91218566894531
5200;71298;40674;81.5737247467041
5200;71482;42391;79.0865421295166
5200;70505;41974;80.34324645996094
5200;73374;44454;82.73053169250488
5200;70034;41277;79.02693748474121
5200;71623;42572;79.90860939025879
5300;74140;43363;82.87930488586426
5300;68878;41724;77.13723182678223
5300;71834;42992;81.085205078125
5300;73136;44526;80.61671257019043
5300;72955;41656;83.07552337646484
5300;74600;41396;82.63015747070312
5300;77339;40704;85.40225028991699
5300;70418;39602;78.64189147949219
5300;71792;42031;81.99167251586914
5300;76741;47112;84.38301086425781
5400;74889;41838;84.3203067779541
5400;72375;41454;82.19623565673828
5400;78116;43415;88.74773979187012
5400;72220;42116;80.68418502807617
5400;76229;46366;85.88385581970215
5400;73794;40680;80.99198341369629
5400;77766;44918;87.43119239807129
5400;71036;40535;80.23500442504883
5400;72685;43728;82.96966552734375
5400;77387;44443;83.66584777832031
5500;76512;47278;85.63876152038574
5500;79320;44086;85.71386337280273
5500;77354;43301;86.25006675720215
5500;76785;47617;84.43474769592285
5500;76664;44564;87.61239051818848
5500;79904;47463;87.19468116760254
5500;72255;40385;82.1685791015625
5500;75316;41189;84.32245254516602
5500;76484;45578;86.63201332092285
5500;73368;42823;81.73751831054688
5600;75028;43618;82.84235000610352
5600;76681;45176;85.90912818908691
5600;79383;48411;89.05267715454102
5600;81014;43790;88.48905563354492
5600;87127;52420;94.9862003326416
5600;80002;44353;87.13936805725098
5600;79240;47422;88.43541145324707
5600;77184;45792;84.22279357910156
5600;78890;46218;87.04066276550293
5600;83688;47978;92.01192855834961
5700;79672;46608;89.43653106689453
5700;83389;52975;90.51179885864258
5700;81881;45078;98.9387035369873
5700;77618;46075;86.48920059204102
5700;81871;49730;91.84670448303223
5700;78488;45055;88.3793830871582
5700;80354;44360;88.61994743347168
5700;81869;51651;88.7918472290039
5700;83813;49737;91.80164337158203
5700;81601;49147;89.27702903747559
5800;81072;42866;90.37065505981445
5800;78704;47892;86.19570732116699
5800;79169;45739;87.74828910827637
5800;78945;45120;96.62842750549316
5800;83686;47680;89.77270126342773
5800;83554;48131;91.43447875976562
5800;82394;45967;89.96820449829102
5800;76498;43622;85.81233024597168
5800;86587;53429;93.2760238647461
5800;80624;48335;88.90461921691895
5900;82174;50232;106.64129257202148
5900;83854;47879;90.80195426940918
5900;87479;57823;95.78132629394531
5900;81160;46666;86.31634712219238
5900;82170;46597;90.29889106750488
5900;84359;49533;91.28856658935547
5900;80878;47055;87.62693405151367
5900;82355;46547;93.19806098937988
5900;81634;45921;89.78629112243652
5900;78282;46208;89.67757225036621
6000;84523;45806;91.29023551940918
6000;81676;45872;90.22831916809082
6000;85031;48762;91.34912490844727
6000;85290;48367;93.29342842102051
6000;85142;46706;99.37310218811035
6000;82725;48144;91.81690216064453
6000;87232;48135;95.23367881774902
6000;87849;46373;93.31226348876953
6000;88167;52195;94.42615509033203
6000;84451;49221;92.96464920043945
6100;84790;53320;94.12932395935059
6100;83935;47305;93.10770034790039
6100;85008;48875;92.03767776489258
6100;88251;50615;94.66838836669922
6100;85863;47243;92.96274185180664
6100;87252;51056;94.47360038757324
6100;91073;48328;96.41790390014648
6100;88033;51502;98.0527400970459
6100;85320;49112;92.09942817687988
6100;84620;48800;92.41318702697754
6200;83963;48323;91.81880950927734
6200;93146;51442;98.14119338989258
6200;90362;50545;97.87559509277344
6200;84822;50329;92.93341636657715
6200;87503;51276;95.31426429748535
6200;88257;53781;95.2613353729248
6200;90102;54221;96.15802764892578
6200;91121;49733;96.17781639099121
6200;84661;50576;91.46904945373535
6200;86042;50587;94.83528137207031
6300;95955;58952;103.09052467346191
6300;92771;56825;101.5625
6300;87440;52987;94.68531608581543
6300;86335;46381;98.13237190246582
6300;89517;51945;95.7028865814209
6300;86825;51135;94.65503692626953
6300;93337;53921;98.71482849121094
6300;89526;51557;95.59226036071777
6300;89815;51265;95.53217887878418
6300;91217;52291;99.14731979370117
6400;90671;53379;99.11584854125977
6400;91845;55464;102.40507125854492
6400;92794;54422;100.96073150634766
6400;92104;54399;100.72588920593262
6400;90789;49997;99.2889404296875
6400;92767;54498;101.2125015258789
6400;88871;49580;96.3582992553711
6400;96398;52568;107.40256309509277
6400;95458;53759;102.34355926513672
6400;95819;58581;103.71160507202148
6500;92810;53718;101.97210311889648
6500;89621;52463;98.59848022460938
6500;90903;51573;121.59299850463867
6500;95283;61011;111.13381385803223
6500;92778;54181;119.34638023376465
6500;95303;56256;101.2430191040039
6500;88261;51842;98.1912612915039
6500;94303;53462;102.64849662780762
6500;96066;52949;111.81187629699707
6500;91481;52470;110.28718948364258
6600;98326;53649;110.68081855773926
6600;92864;53891;111.2062931060791
6600;94790;56980;135.5733871459961
6600;95464;53436;118.67141723632812
6600;99519;56772;106.28628730773926
6600;95482;59074;121.53196334838867
6600;90383;52941;103.57451438903809
6600;89716;53549;111.08231544494629
6600;92428;50703;113.80434036254883
6600;96513;52221;111.36388778686523
6700;96171;55424;115.39387702941895
6700;96496;58243;111.08088493347168
6700;92652;56349;114.89748954772949
6700;101877;57341;127.89344787597656
6700;95271;57846;109.68399047851562
6700;95872;53462;110.66627502441406
6700;99976;59515;124.59468841552734
6700;97648;62000;124.56631660461426
6700;94622;57355;112.93745040893555
6700;95834;55903;122.47109413146973
6800;94340;53589;112.9918098449707
6800;96103;56934;117.08950996398926
6800;98984;58092;117.58184432983398
6800;98891;57049;117.20514297485352
6800;98494;56109;111.83285713195801
6800;94791;56019;109.79413986206055
6800;102350;60072;122.33567237854004
6800;101997;62463;125.47945976257324
6800;97337;54311;115.6303882598877
6800;101604;59544;113.39306831359863
6900;100381;58164;117.23208427429199
6900;99626;59469;123.57211112976074
6900;96494;55139;121.51789665222168
6900;100673;62600;115.16547203063965
6900;103046;57828;117.67768859863281
6900;108161;59212;133.26430320739746
6900;100467;63508;120.76067924499512
6900;97845;54724;122.96605110168457
6900;102037;58498;122.26152420043945
6900;99302;59782;116.08529090881348
7000;100955;59146;121.37174606323242
7000;102530;60361;130.50389289855957
7000;99284;58520;109.03096199035645
7000;98107;57195;105.75032234191895
7000;105307;60917;111.93203926086426
7000;100258;59556;109.52472686767578
7000;98245;57555;107.04755783081055
7000;99525;59437;108.30259323120117
7000;97888;56408;112.6706600189209
7000;99657;61649;107.5282096862793
7100;99857;58549;113.79313468933105
7100;106812;61109;114.67432975769043
7100;102458;60260;110.33248901367188
7100;106280;62221;116.03975296020508
7100;101955;61556;123.12579154968262
7100;103214;60753;116.29796028137207
7100;107469;58806;113.00158500671387
7100;103493;61262;120.36299705505371
7100;102327;59512;109.7252368927002
7100;99094;56826;116.90902709960938
7200;109783;63563;140.20466804504395
7200;104092;66515;117.01631546020508
7200;110440;69352;118.82448196411133
7200;106141;61822;117.01512336730957
7200;101206;57934;120.97024917602539
7200;108660;62243;131.1962604522705
7200;111125;65211;123.48532676696777
7200;104146;64622;115.89860916137695
7200;102623;62189;113.16442489624023
7200;100167;57879;122.92790412902832
7300;105946;66363;128.7384033203125
7300;105857;60511;128.97658348083496
7300;103223;57185;118.29090118408203
7300;105753;64063;119.67134475708008
7300;112606;63441;120.82242965698242
7300;107505;59235;125.69761276245117
7300;111114;66162;130.65576553344727
7300;109224;62210;118.86072158813477
7300;111568;60767;140.95616340637207
7300;111828;64639;123.28433990478516
7400;102740;60549;119.8878288269043
7400;103365;61081;148.35548400878906
7400;105938;59752;129.84752655029297
7400;108022;67408;121.9487190246582
7400;105761;58254;124.61280822753906
7400;106751;64643;123.28934669494629
7400;107046;61838;187.4680519104004
7400;109460;59403;140.43259620666504
7400;108885;64187;142.88711547851562
7400;106832;63803;130.10120391845703
7500;110957;67172;132.38048553466797
7500;115938;70794;124.29642677307129
7500;113198;60071;127.1820068359375
7500;109518;62255;122.04957008361816
7500;114057;62154;133.01491737365723
7500;106992;61903;132.78532028198242
7500;111148;63143;127.99525260925293
7500;115725;66182;150.15339851379395
7500;110056;67366;119.66180801391602
7500;104356;60593;111.74750328063965
7600;118804;61832;125.45657157897949
7600;112330;59161;119.88019943237305
7600;115275;64552;132.94148445129395
7600;108168;62160;122.55311012268066
7600;114751;66620;125.26249885559082
7600;106990;65442;124.01771545410156
7600;118321;61872;142.34280586242676
7600;111563;62092;128.67212295532227
7600;109835;63238;117.76542663574219
7600;110407;63881;115.80586433410645
7700;113445;71225;122.80011177062988
7700;116364;66775;129.27794456481934
7700;107126;64421;119.10605430603027
7700;112340;68477;127.02536582946777
7700;111433;63298;124.26090240478516
7700;114488;64255;123.42381477355957
7700;111605;62591;129.60243225097656
7700;113578;65059;132.2805881500244
7700;114335;63721;135.58053970336914
7700;107044;62282;112.79106140136719
7800;117494;66507;129.3618679046631
7800;120296;69802;125.45061111450195
7800;117537;68099;133.40139389038086
7800;118547;68223;128.1452178955078
7800;109355;62716;125.71549415588379
7800;114597;62341;120.06759643554688
7800;110147;62810;118.4089183807373
7800;111507;66610;125.71215629577637
7800;112019;65283;118.27898025512695
7800;114646;69253;128.4785270690918
7900;113556;62558;129.89330291748047
7900;114220;66675;126.18327140808105
7900;111130;65091;118.41058731079102
7900;124086;68033;137.1629238128662
7900;115382;67255;130.20968437194824
7900;114087;68211;125.3960132598877
7900;115522;66861;122.33853340148926
7900;120564;68540;141.77823066711426
7900;117933;74621;132.94005393981934
7900;112511;61373;123.20971488952637
8000;123448;70765;134.17339324951172
8000;117263;64941;124.9227523803711
8000;116776;67452;125.96583366394043
8000;115780;67454;129.6379566192627
8000;118474;67530;128.4046173095703
8000;123357;73917;129.63509559631348
8000;121617;71515;126.0838508605957
8000;121579;69925;126.15203857421875
8000;121331;70408;124.82285499572754
8000;118056;65586;125.74315071105957
8100;117988;63568;125.71835517883301
8100;124696;69260;130.73468208312988
8100;114116;65606;124.86791610717773
8100;120821;68753;150.87413787841797
8100;118660;67164;126.7850399017334
8100;121580;66213;130.99956512451172
8100;122512;73757;130.62548637390137
8100;123863;76162;132.53498077392578
8100;119750;73236;126.04379653930664
8100;124310;72301;129.37331199645996
8200;117686;66366;130.02896308898926
8200;122393;68389;130.72538375854492
8200;120311;70296;130.0816535949707
8200;121641;70462;127.4106502532959
8200;121420;71025;127.34842300415039
8200;131447;78949;139.95981216430664
8200;123972;74451;132.0655345916748
8200;125999;68859;132.4608325958252
8200;117264;69088;123.99005889892578
8200;117921;71686;128.57818603515625
8300;117408;67256;127.28047370910645
8300;124354;71889;132.03740119934082
8300;121743;69630;129.2576789855957
8300;123111;70772;131.52766227722168
8300;117963;70938;129.62627410888672
8300;127331;72163;134.46044921875
8300;124956;69701;133.32462310791016
8300;128416;77310;136.4595890045166
8300;122548;67814;131.28399848937988
8300;122528;79623;131.05487823486328
8400;122001;71796;132.5051784515381
8400;120331;69233;125.66161155700684
8400;118308;70633;125.93364715576172
8400;123502;73156;133.53347778320312
8400;122116;68128;137.83645629882812
8400;123750;66524;129.37450408935547
8400;124123;70844;127.21467018127441
8400;119751;68927;127.0146369934082
8400;125340;68547;132.89785385131836
8400;130553;76966;147.60136604309082
8500;126012;73093;131.03842735290527
8500;122468;71753;132.2615146636963
8500;127803;74284;136.94477081298828
8500;120272;69056;132.05695152282715
8500;123877;70235;139.94121551513672
8500;120600;75048;139.90211486816406
8500;124748;77632;132.63964653015137
8500;129327;79438;135.47992706298828
8500;126787;75244;143.3277130126953
8500;122372;69002;129.49538230895996
8600;126820;78506;132.80582427978516
8600;126136;76184;132.1873664855957
8600;125794;73867;131.8204402923584
8600;129931;75087;137.82548904418945
8600;131926;70112;137.11237907409668
8600;128335;72918;133.7752342224121
8600;126009;65884;133.39877128601074
8600;131544;77356;136.66701316833496
8600;126799;80647;134.60779190063477
8600;128914;73043;136.1403465270996
8700;135316;77120;142.42863655090332
8700;130782;75486;135.97488403320312
8700;136577;83497;146.34013175964355
8700;128905;76750;136.68227195739746
8700;135395;79078;141.65592193603516
8700;131610;70982;136.33036613464355
8700;130229;74899;146.95096015930176
8700;127056;73917;134.05919075012207
8700;127906;76912;135.72144508361816
8700;134211;78824;139.37926292419434
8800;139791;88255;141.5572166442871
8800;128372;76125;137.51220703125
8800;134916;75574;138.08178901672363
8800;123030;73390;129.93645668029785
8800;127578;73796;134.92894172668457
8800;127060;71794;135.8628273010254
8800;129954;74652;137.67695426940918
8800;126179;70717;138.5190486907959
8800;138096;80921;143.45693588256836
8800;128733;75938;135.31851768493652
8900;130661;74583;135.92219352722168
8900;139766;81743;145.26748657226562
8900;140107;80068;146.66104316711426
8900;129166;74848;149.71351623535156
8900;129808;70731;134.48810577392578
8900;131781;75935;136.52396202087402
8900;131736;73305;138.77272605895996
8900;138423;82888;144.98662948608398
8900;134103;74679;139.60504531860352
8900;128662;75538;139.19448852539062
9000;138080;84864;156.1293601989746
9000;138637;72602;141.56126976013184
9000;134068;77202;144.364595413208
9000;137078;78305;147.31931686401367
9000;129331;75457;141.97707176208496
9000;131998;76007;153.40471267700195
9000;133312;70456;158.42604637145996
9000;142472;86587;170.50766944885254
9000;138270;84228;143.61238479614258
9000;133950;78740;150.04825592041016
9100;132593;74335;147.4616527557373
9100;133929;79669;138.65327835083008
9100;139632;82658;145.8899974822998
9100;136513;77610;147.172212600708
9100;136175;80288;147.90105819702148
9100;131924;77321;143.0962085723877
9100;140931;73133;146.16155624389648
9100;133150;72119;139.4670009613037
9100;138856;76731;143.568754196167
9100;135723;74898;147.36628532409668
9200;137542;74511;146.9290256500244
9200;144286;90338;147.68648147583008
9200;139129;80802;143.62239837646484
9200;139544;84264;147.17817306518555
9200;141589;74475;143.25666427612305
9200;139223;84791;145.17831802368164
9200;135496;77878;141.81804656982422
9200;139097;84038;146.52276039123535
9200;133432;77129;140.11359214782715
9200;137486;79924;145.6167697906494
9300;137264;82162;156.53276443481445
9300;145825;80799;159.92140769958496
9300;139248;82376;168.8518524169922
9300;141776;81384;156.83412551879883
9300;145350;85204;148.71597290039062
9300;154431;89769;170.332670211792
9300;136710;82823;160.5360507965088
9300;138825;78111;147.7053165435791
9300;139142;82144;159.6238613128662
9300;139716;80287;144.96946334838867
9400;136447;80667;150.1941680908203
9400;140351;84344;163.58518600463867
9400;139898;77669;162.16659545898438
9400;142203;82168;161.09490394592285
9400;140843;80045;169.14892196655273
9400;137889;82285;173.73943328857422
9400;140437;79147;192.7957534790039
9400;136088;79856;165.86041450500488
9400;139920;82788;173.66766929626465
9400;139405;79253;163.44642639160156
9500;140391;78624;184.37600135803223
9500;144599;79257;154.03437614440918
9500;142663;83336;157.84287452697754
9500;144655;84738;190.80281257629395
9500;144344;84223;165.5747890472412
9500;145076;84137;168.84469985961914
9500;143362;81309;177.40297317504883
9500;145849;89459;176.54180526733398
9500;146173;79749;163.96808624267578
9500;143236;82914;150.3434181213379
9600;148532;83138;154.68072891235352
9600;139667;81787;150.49052238464355
9600;150689;88119;161.09848022460938
9600;143297;81484;157.08684921264648
9600;148646;84621;153.43070030212402
9600;144090;78517;149.88040924072266
9600;148210;78620;148.64683151245117
9600;150705;77846;152.52447128295898
9600;142813;82592;149.9192714691162
9600;147949;74426;150.84266662597656
9700;149485;82867;152.64248847961426
9700;151517;87873;155.43079376220703
9700;146501;88455;152.44579315185547
9700;143290;80711;148.2565402984619
9700;145851;83190;151.0009765625
9700;146209;84821;160.28451919555664
9700;145255;84833;151.1378288269043
9700;153165;97217;170.8996295928955
9700;143760;81942;162.18185424804688
9700;147981;80728;158.31756591796875
9800;144730;80335;162.86134719848633
9800;153095;88676;167.50264167785645
9800;148312;87480;165.85683822631836
9800;148604;85413;157.12594985961914
9800;147331;83432;152.77385711669922
9800;146364;85939;161.50426864624023
9800;153165;86147;157.2287082672119
9800;148348;89432;152.82082557678223
9800;145977;81188;153.58972549438477
9800;142784;86549;157.03082084655762
9900;158228;100287;166.9011116027832
9900;151472;93918;161.91387176513672
9900;146736;82649;157.4094295501709
9900;146060;84744;157.5644016265869
9900;156447;90668;176.84412002563477
9900;156641;90995;171.27132415771484
9900;145798;85254;151.08537673950195
9900;147860;82465;154.19745445251465
9900;149304;84461;162.07623481750488
9900;143372;80970;161.834716796875
10000;146752;85919;163.41495513916016
10000;145282;81154;151.65328979492188
10000;150945;85824;154.84023094177246
10000;150611;93114;172.48249053955078
10000;153328;84463;160.96162796020508
10000;149734;84445;154.23059463500977
10000;151229;85396;155.0159454345703
10000;151745;85778;157.86170959472656
10000;146619;86181;152.0521640777588
10000;151151;83316;161.0891819000244
