100;2453;2452;1.3957023620605469
100;2873;2868;1.6932487487792969
100;2699;2695;5.51152229309082
100;2524;2520;1.5056133270263672
100;2543;2539;1.5006065368652344
100;2516;2510;1.4712810516357422
100;2672;2668;2.841472625732422
100;2694;2691;4.422664642333984
100;2770;2766;1.6269683837890625
100;2388;2384;1.3871192932128906
200;10715;10713;16.063928604125977
200;9664;9662;11.682987213134766
200;10134;10130;10.007381439208984
200;10246;10241;13.359308242797852
200;9175;9170;13.6871337890625
200;9516;9511;6.88481330871582
200;9750;9745;12.427568435668945
200;10245;10242;11.215448379516602
200;10204;10198;11.770963668823242
200;9444;9436;10.42485237121582
300;22420;22416;27.95243263244629
300;23481;23474;31.67867660522461
300;22557;22547;26.993989944458008
300;23449;23447;25.436878204345703
300;22400;22396;30.51018714904785
300;22268;22264;28.430461883544922
300;23723;23722;27.32229232788086
300;21278;21270;31.069040298461914
300;22694;22690;32.00984001159668
300;22050;22044;26.734590530395508
400;41946;41943;51.33533477783203
400;37708;37705;49.33285713195801
400;40472;40461;45.76516151428223
400;40267;40261;36.37552261352539
400;42421;42416;57.89971351623535
400;39709;39704;46.39029502868652
400;38779;38772;42.17410087585449
400;41360;41356;52.48451232910156
400;40322;40319;40.514469146728516
400;39538;39534;43.862342834472656
500;64106;64097;74.00727272033691
500;65230;65225;60.70399284362793
500;66842;66837;71.77329063415527
500;60473;60469;54.08835411071777
500;64509;64502;64.04805183410645
500;65686;65680;67.14487075805664
500;62454;62448;64.78333473205566
500;62110;62104;54.21924591064453
500;62430;62424;80.74188232421875
500;62487;62483;58.16149711608887
600;86712;86701;84.43784713745117
600;89782;89777;90.44528007507324
600;88611;88608;82.29613304138184
600;93385;93381;78.11856269836426
600;89394;89388;82.55624771118164
600;93991;93981;81.46810531616211
600;90031;90027;83.72950553894043
600;89388;89381;75.25181770324707
600;93383;93376;85.53338050842285
600;89597;89588;75.87051391601562
700;129756;129743;106.90641403198242
700;123527;123520;96.06313705444336
700;132526;132521;107.7570915222168
700;120405;120400;94.0401554107666
700;122749;122743;103.53398323059082
700;123087;123077;96.03738784790039
700;121413;121406;102.57625579833984
700;122360;122354;95.20864486694336
700;123944;123938;102.96225547790527
700;121703;121699;94.93613243103027
800;162566;162561;127.78067588806152
800;156324;156320;122.17450141906738
800;164140;164134;127.22468376159668
800;162575;162568;126.57284736633301
800;159515;159510;126.43837928771973
800;158412;158407;127.09259986877441
800;162476;162471;126.83224678039551
800;163378;163367;126.99294090270996
800;165881;165873;128.89885902404785
800;157795;157788;125.87094306945801
900;208064;208058;155.0436019897461
900;203734;203728;152.08697319030762
900;198505;198501;149.9013900756836
900;201652;201646;152.0404815673828
900;194562;194552;145.93172073364258
900;199896;199889;148.8637924194336
900;198600;198594;154.37841415405273
900;203785;203779;153.12504768371582
900;213711;213701;160.26592254638672
900;209469;209464;154.83880043029785
1000;252463;252455;180.38702011108398
1000;253162;253153;183.62712860107422
1000;244444;244440;176.59926414489746
1000;253864;253860;181.9911003112793
1000;245569;245563;182.4362277984619
1000;259877;259874;186.2947940826416
1000;253160;253154;178.51972579956055
1000;250980;250974;194.81396675109863
1000;258142;258138;185.38928031921387
1000;253922;253916;184.02862548828125
1100;312796;312795;226.75704956054688
1100;295808;295803;207.8242301940918
1100;313547;313537;218.1394100189209
1100;305761;305753;234.82251167297363
1100;318246;318235;224.3633270263672
1100;303446;303439;209.46788787841797
1100;306388;306382;215.93999862670898
1100;302889;302881;212.28289604187012
1100;312802;312792;232.76448249816895
1100;302465;302456;214.14899826049805
1200;353735;353727;244.9500560760498
1200;366832;366826;253.9074420928955
1200;348586;348581;242.26999282836914
1200;358788;358785;246.25253677368164
1200;354698;354692;245.14412879943848
1200;355113;355109;253.22389602661133
1200;367377;367369;254.55427169799805
1200;360095;360084;247.14088439941406
1200;361568;361558;249.56727027893066
1200;353612;353606;257.95865058898926
1300;416956;416951;283.1158638000488
1300;439222;439214;297.0249652862549
1300;425161;425159;287.54401206970215
1300;416657;416645;282.3922634124756
1300;414401;414397;283.001184463501
1300;420253;420245;286.36956214904785
1300;436953;436944;294.6295738220215
1300;416031;416025;284.1382026672363
1300;413740;413735;283.53357315063477
1300;415504;415498;282.1180820465088
1400;491689;491683;328.9036750793457
1400;517836;517829;345.7975387573242
1400;498003;497996;331.85410499572754
1400;470140;470131;316.5442943572998
1400;492257;492247;329.8666477203369
1400;500181;500175;334.4876766204834
1400;488696;488693;329.0972709655762
1400;493296;493290;331.9282531738281
1400;498188;498181;334.08093452453613
1400;473648;473641;316.48921966552734
1500;572309;572302;381.406307220459
1500;570231;570218;375.0884532928467
1500;568982;568978;376.537561416626
1500;555445;555439;365.3297424316406
1500;557165;557160;376.4348030090332
1500;576622;576614;385.8671188354492
1500;567059;567052;377.4583339691162
1500;565945;565939;373.93641471862793
1500;560798;560792;372.16806411743164
1500;570965;570956;374.56631660461426
1600;639778;639773;422.31178283691406
1600;640339;640333;420.302152633667
1600;636984;636976;417.6373481750488
1600;637573;637562;416.61548614501953
1600;635727;635722;429.52752113342285
1600;659499;659491;448.38666915893555
1600;615990;615983;416.72754287719727
1600;636131;636126;417.54913330078125
1600;626872;626867;410.1600646972656
1600;645904;645899;426.1457920074463
1700;725270;725263;470.0939655303955
1700;709779;709773;461.38620376586914
1700;721454;721444;471.44603729248047
1700;712692;712689;476.43351554870605
1700;724595;724589;468.6710834503174
1700;738645;738640;476.0613441467285
1700;725575;725567;469.4488048553467
1700;727199;727196;484.46130752563477
1700;724034;724030;471.1768627166748
1700;724811;724806;471.34947776794434
1800;808652;808646;526.6141891479492
1800;823708;823700;527.8890132904053
1800;813488;813482;521.2152004241943
1800;839274;839270;541.0916805267334
1800;815169;815160;530.7395458221436
1800;802350;802346;531.9135189056396
1800;790732;790725;522.5858688354492
1800;823307;823300;528.7702083587646
1800;815065;815060;525.1040458679199
1800;798897;798889;513.4260654449463
1900;907336;907333;581.7205905914307
1900;897173;897165;571.3207721710205
1900;915713;915702;584.6014022827148
1900;893824;893819;578.9713859558105
1900;883091;883083;578.5765647888184
1900;896424;896418;576.2884616851807
1900;914173;914166;583.6124420166016
1900;922133;922122;602.0703315734863
1900;902432;902426;581.2070369720459
1900;911528;911523;585.5221748352051
2000;996097;996091;641.2110328674316
2000;994761;994755;637.8862857818604
2000;998652;998647;636.8517875671387
2000;994998;994988;634.2816352844238
2000;1016123;1016116;648.9975452423096
2000;1003567;1003561;643.470287322998
2000;1007503;1007498;649.3124961853027
2000;998607;998601;636.3420486450195
2000;1000908;1000897;641.197681427002
2000;1012944;1012935;655.1856994628906
2100;1093151;1093142;714.815616607666
2100;1114513;1114504;710.9057903289795
2100;1104099;1104093;702.9476165771484
2100;1049297;1049289;666.5670871734619
2100;1118199;1118194;712.4917507171631
2100;1109897;1109891;704.6225070953369
2100;1112796;1112789;709.3417644500732
2100;1091686;1091680;705.578088760376
2100;1084396;1084391;715.1172161102295
2100;1094534;1094528;693.5529708862305
2200;1213002;1212999;769.2041397094727
2200;1235776;1235769;798.4850406646729
2200;1226019;1226011;796.4773178100586
2200;1203955;1203946;763.9639377593994
2200;1179524;1179517;749.5474815368652
2200;1198341;1198336;760.2119445800781
2200;1207768;1207764;766.8588161468506
2200;1179244;1179235;752.6950836181641
2200;1250349;1250341;808.8986873626709
2200;1220690;1220681;774.4019031524658
2300;1311522;1311511;828.5338878631592
2300;1302744;1302741;826.6189098358154
2300;1320331;1320323;847.1496105194092
2300;1336824;1336818;848.7498760223389
2300;1346780;1346772;860.1107597351074
2300;1342458;1342453;851.1254787445068
2300;1344335;1344328;861.5930080413818
2300;1340556;1340554;841.8781757354736
2300;1305696;1305684;822.4787712097168
2300;1344941;1344937;844.2909717559814
2400;1430721;1430714;905.8113098144531
2400;1422883;1422878;902.174711227417
2400;1441091;1441082;921.990156173706
2400;1450413;1450401;928.8520812988281
2400;1476321;1476313;934.4644546508789
2400;1481760;1481754;927.5467395782471
2400;1402076;1402070;883.8577270507812
2400;1478822;1478816;925.0292778015137
2400;1442444;1442435;919.6765422821045
2400;1427554;1427549;916.1098003387451
2500;1551452;1551442;978.4362316131592
2500;1591947;1591942;997.3654747009277
2500;1530898;1530888;965.2349948883057
2500;1589408;1589401;1021.4297771453857
2500;1571422;1571419;993.309497833252
2500;1521566;1521562;960.1669311523438
2500;1531324;1531315;967.5018787384033
2500;1562899;1562890;985.1405620574951
2500;1572600;1572592;995.8863258361816
2500;1562089;1562080;1011.9080543518066
2600;1663334;1663325;1053.297996520996
2600;1676957;1676951;1052.7064800262451
2600;1718389;1718380;1082.7422142028809
2600;1712229;1712220;1099.7984409332275
2600;1686754;1686745;1070.6453323364258
2600;1690944;1690937;1059.753656387329
2600;1676684;1676671;1048.034429550171
2600;1715426;1715421;1074.2781162261963
2600;1693299;1693291;1066.14089012146
2600;1714914;1714909;1079.1840553283691
2700;1824464;1824460;1157.0537090301514
2700;1805932;1805918;1127.119541168213
2700;1815483;1815478;1159.2373847961426
2700;1834977;1834966;1154.8049449920654
2700;1817364;1817358;1140.4109001159668
2700;1823620;1823618;1158.151388168335
2700;1810983;1810978;1131.714105606079
2700;1840353;1840343;1166.757583618164
2700;1827307;1827295;1149.7037410736084
2700;1809092;1809082;1154.148817062378
2800;1971682;1971673;1235.1634502410889
2800;1952739;1952730;1254.7399997711182
2800;1977978;1977969;1243.9675331115723
2800;1992995;1992983;1260.9083652496338
2800;1930793;1930784;1213.1619453430176
2800;1970158;1970149;1232.717752456665
2800;1988793;1988781;1257.8909397125244
2800;1953584;1953577;1224.0548133850098
2800;1929231;1929224;1218.5335159301758
2800;1936945;1936940;1216.5658473968506
2900;2087643;2087631;1308.443546295166
2900;2087707;2087703;1313.4310245513916
2900;2086502;2086495;1326.2536525726318
2900;2130430;2130425;1345.9324836730957
2900;2103932;2103927;1316.2550926208496
2900;2137540;2137533;1354.8283576965332
2900;2066542;2066535;1294.5756912231445
2900;2080814;2080802;1315.3517246246338
2900;2114806;2114799;1322.023630142212
2900;2124470;2124466;1336.0769748687744
3000;2286667;2286658;1422.8205680847168
3000;2279983;2279973;1412.468671798706
3000;2193412;2193404;1377.645492553711
3000;2220899;2220892;1392.3249244689941
3000;2289649;2289637;1469.686508178711
3000;2283444;2283439;1423.4685897827148
3000;2220850;2220843;1390.6517028808594
3000;2259372;2259368;1402.766466140747
3000;2192211;2192205;1388.2768154144287
3000;2276359;2276349;1414.8521423339844
3100;2352055;2352045;1476.5126705169678
3100;2452542;2452538;1535.165548324585
3100;2388273;2388269;1486.8309497833252
3100;2408189;2408185;1489.8467063903809
3100;2411589;2411581;1509.850263595581
3100;2388751;2388744;1513.8261318206787
3100;2429902;2429896;1542.6459312438965
3100;2412948;2412939;1495.1441287994385
3100;2403808;2403801;1504.624843597412
3100;2446653;2446644;1519.218921661377
3200;2626678;2626670;1639.4386291503906
3200;2606715;2606706;1622.2782135009766
3200;2561003;2560992;1588.8786315917969
3200;2566576;2566566;1601.4838218688965
3200;2523172;2523169;1607.9246997833252
3200;2600561;2600553;1631.8116188049316
3200;2574272;2574264;1605.1115989685059
3200;2604708;2604697;1632.8237056732178
3200;2500360;2500356;1549.8249530792236
3200;2552790;2552784;1584.7406387329102
3300;2723086;2723080;1686.6190433502197
3300;2659721;2659714;1648.400068283081
3300;2756244;2756241;1722.4690914154053
3300;2725688;2725677;1686.410665512085
3300;2726828;2726817;1691.281795501709
3300;2732027;2732016;1697.6094245910645
3300;2743495;2743489;1706.7317962646484
3300;2720289;2720278;1700.6540298461914
3300;2726123;2726115;1704.8554420471191
3300;2731566;2731555;1711.9393348693848
3400;2917261;2917249;1826.9381523132324
3400;2912723;2912716;1810.8267784118652
3400;2897008;2896999;1811.8324279785156
3400;2880397;2880388;1778.2065868377686
3400;2891481;2891472;1788.1357669830322
3400;2873159;2873154;1812.4995231628418
3400;2871398;2871391;1791.5055751800537
3400;2868117;2868112;1787.0779037475586
3400;2897860;2897850;1797.8224754333496
3400;2913850;2913843;1798.3589172363281
3500;3069299;3069295;1925.262451171875
3500;3062811;3062806;1893.7749862670898
3500;3102673;3102664;1927.8056621551514
3500;3100154;3100147;1939.9473667144775
3500;3115495;3115486;1934.8351955413818
3500;3058172;3058164;1891.6516304016113
3500;3063691;3063687;1960.3023529052734
3500;3057475;3057467;1897.0859050750732
3500;3026642;3026632;1901.564121246338
3500;3044114;3044106;1882.5702667236328
3600;3219549;3219542;2010.453462600708
3600;3286651;3286641;2066.2152767181396
3600;3311038;3311030;2084.3732357025146
3600;3269175;3269168;2037.3477935791016
3600;3204650;3204635;1991.1649227142334
3600;3257327;3257321;2054.85200881958
3600;3234164;3234158;2013.3881568908691
3600;3247782;3247772;2009.6571445465088
3600;3217145;3217142;2005.0077438354492
3600;3222123;3222112;2004.0524005889893
3700;3361536;3361531;2097.3825454711914
3700;3372496;3372487;2107.6414585113525
3700;3428657;3428644;2144.7043418884277
3700;3430575;3430562;2143.104076385498
3700;3474311;3474297;2162.308931350708
3700;3465878;3465870;2207.4525356292725
3700;3379351;3379343;2115.172863006592
3700;3416723;3416717;2130.445957183838
3700;3335466;3335456;2090.1360511779785
3700;3395518;3395510;2116.4822578430176
3800;3636011;3636001;2254.537343978882
3800;3634312;3634305;2236.541748046875
3800;3595488;3595486;2238.3041381835938
3800;3555698;3555691;2197.1194744110107
3800;3579991;3579988;2224.405527114868
3800;3703743;3703740;2287.745475769043
3800;3592427;3592420;2242.4299716949463
3800;3599409;3599402;2238.539695739746
3800;3575822;3575817;2692.828416824341
3800;3597735;3597730;2191.279172897339
3900;3847150;3847142;2363.374710083008
3900;3798617;3798606;2321.363687515259
3900;3843610;3843605;2407.1028232574463
3900;3739629;3739624;2295.9115505218506
3900;3741289;3741283;2296.269178390503
3900;3753769;3753765;2298.238754272461
3900;3792669;3792663;2330.1193714141846
3900;3818915;3818910;2335.865259170532
3900;3924498;3924492;2417.3030853271484
3900;3852881;3852872;2373.182535171509
4000;3958167;3958164;2429.4662475585938
4000;4081168;4081164;2503.7381649017334
4000;4022372;4022366;2484.2395782470703
4000;3971797;3971788;2462.660074234009
4000;3967975;3967971;2436.7940425872803
4000;4107097;4107093;2505.2037239074707
4000;4051781;4051774;2487.8973960876465
4000;3966661;3966654;2453.281879425049
4000;3953429;3953422;2417.914628982544
4000;4003295;4003282;2440.427541732788
4100;4211092;4211088;2570.3320503234863
4100;4200981;4200975;2596.5681076049805
4100;4204332;4204322;2592.7228927612305
4100;4169132;4169121;2575.9618282318115
4100;4236525;4236522;2614.1626834869385
4100;4109182;4109179;2541.4345264434814
4100;4226829;4226822;2604.532241821289
4100;4189095;4189086;2552.0005226135254
4100;4227871;4227865;2666.5618419647217
4100;4287393;4287389;2640.8777236938477
4200;4407940;4407934;2715.8236503601074
4200;4374921;4374907;2683.0382347106934
4200;4438489;4438484;2763.035774230957
4200;4377107;4377096;2695.1866149902344
4200;4368250;4368241;2775.7608890533447
4200;4399155;4399148;2720.8802700042725
4200;4322830;4322822;2659.970283508301
4200;4372854;4372846;2683.2783222198486
4200;4442084;4442077;2767.6031589508057
4200;4342179;4342170;2679.100275039673
4300;4597278;4597270;2815.9217834472656
4300;4585516;4585503;2798.7377643585205
4300;4602245;4602236;2801.311731338501
4300;4733622;4733617;2908.749580383301
4300;4611303;4611296;2810.3628158569336
4300;4610851;4610841;2806.0755729675293
4300;4615757;4615746;2816.565752029419
4300;4610891;4610881;2835.8166217803955
4300;4644686;4644682;2854.4375896453857
4300;4611327;4611313;2823.5623836517334
4400;4806799;4806793;2955.425024032593
4400;4904865;4904858;3002.2871494293213
4400;4770676;4770668;2911.456823348999
4400;4873105;4873099;2965.4645919799805
4400;4880963;4880960;3101.6180515289307
4400;4774077;4774071;2993.802309036255
4400;4907098;4907086;2998.0595111846924
4400;4968506;4968498;3063.4708404541016
4400;4805340;4805332;2965.8122062683105
4400;5020952;5020948;3062.354326248169
4500;5065355;5065351;3110.356330871582
4500;4967436;4967426;3035.8331203460693
4500;5072327;5072322;3140.7370567321777
4500;5071973;5071968;3129.645586013794
4500;5071110;5071106;3110.3522777557373
4500;4968228;4968221;3039.283275604248
4500;5108500;5108493;3218.8925743103027
4500;5079447;5079439;3102.6241779327393
4500;5074269;5074258;3088.5324478149414
4500;5163843;5163841;3168.0140495300293
4600;5319135;5319124;3270.3659534454346
4600;5329278;5329267;3252.1979808807373
4600;5326045;5326039;3359.9319458007812
4600;5310550;5310541;3277.6646614074707
4600;5380181;5380172;3291.179656982422
4600;5315845;5315839;3247.126817703247
4600;5286775;5286770;3263.3233070373535
4600;5160398;5160390;3150.9101390838623
4600;5284940;5284932;3236.3460063934326
4600;5378374;5378362;3294.621706008911
4700;5477574;5477564;3380.7899951934814
4700;5535170;5535166;3368.5925006866455
4700;5556687;5556676;3460.4411125183105
4700;5555357;5555347;3377.5601387023926
4700;5623578;5623573;3440.446376800537
4700;5512976;5512966;3353.428363800049
4700;5645510;5645504;3567.9681301116943
4700;5566240;5566235;3392.4314975738525
4700;5608048;5608036;3529.378652572632
4700;5541008;5541001;3383.815050125122
4800;5741751;5741744;3513.1473541259766
4800;5756663;5756652;3535.872459411621
4800;5754267;5754256;3560.796022415161
4800;5778286;5778276;3520.7765102386475
4800;5863780;5863772;3621.4921474456787
4800;5706571;5706567;3506.356954574585
4800;5749982;5749977;3517.188549041748
4800;5862981;5862967;3573.963165283203
4800;5685306;5685298;3491.408348083496
4800;5779413;5779411;3557.5032234191895
4900;5981330;5981319;3646.1195945739746
4900;6097207;6097195;3743.173122406006
4900;6031405;6031398;3710.175037384033
4900;6004650;6004643;3707.0775032043457
4900;6003900;6003890;3799.2281913757324
4900;5993868;5993863;4521.886825561523
4900;5993811;5993797;3901.815176010132
4900;5993761;5993756;4005.3553581237793
4900;5913494;5913485;4048.116683959961
4900;6037547;6037543;3824.331521987915
5000;6332860;6332854;3982.1975231170654
5000;6232411;6232404;3950.472593307495
5000;6250117;6250107;4001.54447555542
5000;6102549;6102543;3843.022584915161
5000;6206673;6206658;3977.567434310913
5000;6172589;6172588;3863.2466793060303
5000;6253710;6253698;3954.484701156616
5000;6228024;6228014;3898.0839252471924
5000;6278624;6278614;3935.1720809936523
5000;6316827;6316824;3967.613697052002
5100;6496426;6496413;4056.9443702697754
5100;6596004;6595996;4098.125219345093
5100;6509720;6509712;4076.3378143310547
5100;6425469;6425465;4054.0170669555664
5100;6602272;6602262;4159.092903137207
5100;6473539;6473531;4050.7566928863525
5100;6544780;6544770;4083.1139087677
5100;6451967;6451961;4022.369384765625
5100;6553882;6553872;4167.22846031189
5100;6544465;6544459;4080.4009437561035
5200;6737622;6737616;4178.9679527282715
5200;6625897;6625888;4094.4466590881348
5200;6925657;6925651;4280.856370925903
5200;6787604;6787600;4234.721422195435
5200;6830664;6830655;4256.064414978027
5200;6884999;6884993;4270.074367523193
5200;6784748;6784743;4220.548629760742
5200;6698206;6698196;4141.956090927124
5200;6707235;6707227;4278.409719467163
5200;6718611;6718598;4672.127485275269
5300;6980130;6980123;5729.406356811523
5300;7048011;7048002;4419.3854331970215
5300;6878912;6878907;4401.515960693359
5300;6995644;6995638;4394.9079513549805
5300;7053908;7053900;4440.447568893433
5300;6903328;6903324;4329.636096954346
5300;6931393;6931389;4421.428680419922
5300;6900255;6900246;4382.201910018921
5300;6999029;6999020;4445.744276046753
5300;6954141;6954135;4421.253204345703
5400;7289027;7289021;4659.804105758667
5400;7266098;7266093;4739.189386367798
5400;7389847;7389837;4721.549034118652
5400;7273184;7273178;4678.849220275879
5400;7153500;7153487;4565.512657165527
5400;7433665;7433657;4769.532203674316
5400;7229759;7229753;4669.950246810913
5400;7410069;7410056;4717.6361083984375
5400;7344672;7344667;4773.478269577026
5400;7358849;7358842;4729.440450668335
5500;7609347;7609337;4854.446649551392
5500;7588297;7588290;4891.20626449585
5500;7501430;7501422;4816.20717048645
5500;7520523;7520520;4775.7227420806885
5500;7548601;7548593;4929.616212844849
5500;7567037;7567033;4872.212886810303
5500;7427167;7427160;4746.565818786621
5500;7629042;7629034;4923.598766326904
5500;7591216;7591206;4837.638378143311
5500;7495436;7495435;4715.059280395508
5600;7706969;7706960;4895.989418029785
5600;7896502;7896490;5059.793949127197
5600;7854391;7854386;4858.822584152222
5600;7754899;7754891;4827.3680210113525
5600;7935197;7935189;4983.664989471436
5600;7848170;7848163;4960.747718811035
5600;7998105;7998097;5083.143949508667
5600;7961541;7961532;5016.024112701416
5600;7789038;7789031;4891.7505741119385
5600;7806468;7806464;4983.042478561401
5700;8055580;8055574;5082.393646240234
5700;8134307;8134299;5157.37247467041
5700;8105341;8105331;5176.191091537476
5700;8065523;8065516;5078.805208206177
5700;8162475;8162470;5102.36930847168
5700;8067514;8067503;5136.436223983765
5700;8120288;8120282;5321.150064468384
5700;8298683;8298677;5302.20627784729
5700;8091836;8091826;5187.726259231567
5700;8219533;8219520;5242.43950843811
5800;8393857;8393847;5273.207426071167
5800;8520901;8520894;5275.19154548645
5800;8609358;8609351;5488.989591598511
5800;8490843;8490836;5294.097423553467
5800;8329644;8329633;5249.154329299927
5800;8365005;8364995;5337.94379234314
5800;8445579;8445573;5389.2059326171875
5800;8429473;8429460;5310.61577796936
5800;8331688;8331679;5320.7597732543945
5800;8464211;8464207;5287.989377975464
5900;8851189;8851175;5558.06303024292
5900;8734229;8734225;5914.098024368286
5900;8686763;8686757;5373.571157455444
5900;8804567;8804558;5609.410524368286
5900;8677638;8677632;5491.980791091919
5900;8685848;8685836;5467.6833152771
5900;8617581;8617572;6159.961462020874
5900;8637287;8637273;6890.876770019531
5900;8674798;8674792;5721.466541290283
5900;8800003;8800000;5464.041709899902
6000;9064035;9064026;5851.466178894043
6000;8932798;8932787;5713.647365570068
6000;8871601;8871591;5681.114673614502
6000;8991946;8991937;5701.233863830566
6000;8983616;8983609;5840.863466262817
6000;9047939;9047934;5848.470449447632
6000;9022332;9022320;5731.564044952393
6000;8893368;8893359;5794.529438018799
6000;9062043;9062035;5784.189462661743
6000;9172679;9172666;5903.5804271698
6100;9355156;9355146;5995.567798614502
6100;9277486;9277481;5859.278917312622
6100;9370637;9370624;6026.746988296509
6100;9323263;9323250;5910.117149353027
6100;9316650;9316638;5913.530349731445
6100;9261329;9261324;5802.903890609741
6100;9278508;9278497;5825.0298500061035
6100;9287407;9287398;5883.947372436523
6100;9537047;9537039;6040.820360183716
6100;9267086;9267075;5825.4358768463135
6200;9689760;9689751;6094.420909881592
6200;9623281;9623275;6051.014184951782
6200;9494741;9494737;6133.833646774292
6200;9764972;9764964;6084.806680679321
6200;9670227;9670220;6044.5311069488525
6200;9731914;9731907;6235.397100448608
6200;9508469;9508459;6119.79603767395
6200;9514731;9514723;6193.483591079712
6200;9563695;9563681;6254.98628616333
6200;9612351;9612345;6027.0020961761475
6300;9971958;9971952;6348.308324813843
6300;9935136;9935125;6271.9666957855225
6300;9861407;9861401;6294.75212097168
6300;9858181;9858176;6195.946216583252
6300;9923684;9923679;6322.0038414001465
6300;9976429;9976421;6320.691347122192
6300;9940028;9940020;6312.139272689819
6300;9922361;9922351;6336.499452590942
6300;9905578;9905569;6256.763219833374
6300;9853025;9853013;6322.7527141571045
6400;10155618;10155609;6525.517463684082
6400;10215501;10215490;6507.006645202637
6400;10433639;10433630;6562.926530838013
6400;10115497;10115489;6351.559400558472
6400;10205666;10205656;6570.281267166138
6400;10291488;10291484;6428.004264831543
6400;10303572;10303558;6432.8413009643555
6400;10208912;10208904;6337.453365325928
6400;10293403;10293395;6414.720058441162
6400;10440930;10440920;6511.641025543213
6500;10562117;10562106;6630.785226821899
6500;10579761;10579748;6619.040012359619
6500;10662786;10662776;6654.702663421631
6500;10610113;10610106;6578.519105911255
6500;10379058;10379052;6431.87141418457
6500;10708107;10708098;6676.493883132935
6500;10555587;10555580;6519.506931304932
6500;10674570;10674561;6651.5092849731445
6500;10418551;10418542;6907.743453979492
6500;10532280;10532272;6477.425336837769
6600;10973778;10973771;6785.169839859009
6600;10733439;10733431;6618.222713470459
6600;10983794;10983791;6745.194673538208
6600;11137548;11137540;6842.731952667236
6600;10860551;10860539;6640.928745269775
6600;10889513;10889504;6648.266315460205
6600;10906177;10906162;6739.361047744751
6600;11070140;11070130;6816.372394561768
6600;10824880;10824876;6625.924348831177
6600;10790334;10790326;6600.322484970093
6700;11042394;11042387;6789.482116699219
6700;11102738;11102732;7077.507972717285
6700;11341918;11341913;7741.229295730591
6700;11276971;11276965;7044.200420379639
6700;11260848;11260837;7092.623949050903
6700;11208145;11208137;7531.370162963867
6700;11334979;11334968;8915.14277458191
6700;11184383;11184374;7236.589193344116
6700;11167708;11167698;9505.13744354248
6700;11094774;11094762;7786.50689125061
6800;11213527;11213515;7569.702863693237
6800;11578444;11578436;8830.930709838867
6800;11434612;11434603;7896.713733673096
6800;11610904;11610890;8394.537210464478
6800;11526131;11526121;9606.167554855347
6800;11562267;11562255;8547.235488891602
6800;11559683;11559680;7160.002708435059
6800;11294713;11294706;7972.838640213013
6800;11706426;11706412;7934.434413909912
6800;11471367;11471360;7299.506187438965
6900;11809926;11809916;7640.848398208618
6900;12055102;12055086;7895.370006561279
6900;11932358;11932349;7916.89920425415
6900;11967917;11967909;7472.510099411011
6900;12072560;12072553;7853.952646255493
6900;11879632;11879624;8068.926095962524
6900;12015764;12015755;7597.357273101807
6900;11944782;11944772;7500.661134719849
6900;11989445;11989437;7613.871097564697
6900;12026448;12026439;7450.619459152222
7000;12197657;12197653;7559.4494342803955
7000;12236490;12236481;7648.730993270874
7000;12221484;12221480;7638.3957862854
7000;12260027;12260016;7733.433723449707
7000;12312802;12312790;7650.978565216064
7000;12373364;12373359;7821.079969406128
7000;12092110;12092101;7539.707660675049
7000;12175752;12175742;7742.291688919067
7000;12366927;12366918;8076.2810707092285
7000;12436894;12436887;8129.776477813721
7100;12627642;12627635;8250.00023841858
7100;12588923;12588917;7798.973798751831
7100;12583099;12583092;8113.897085189819
7100;12600065;12600056;8393.962621688843
7100;12571891;12571880;9277.443408966064
7100;12868330;12868320;7995.002508163452
7100;12538050;12538042;7849.3945598602295
7100;12583618;12583613;7793.081998825073
7100;12671150;12671144;7860.049247741699
7100;12641468;12641458;7801.823139190674
7200;13063811;13063804;8156.075954437256
7200;12894436;12894424;7976.926565170288
7200;12930524;12930518;7998.149871826172
7200;12921858;12921849;7988.008975982666
7200;12925174;12925164;7962.608337402344
7200;12884415;12884408;7904.035806655884
7200;12884911;12884904;7904.659271240234
7200;13017683;13017678;8002.205371856689
7200;12844794;12844781;7868.9868450164795
7200;12838042;12838031;7894.296169281006
7300;13373915;13373908;8224.667072296143
7300;13236958;13236952;8098.580837249756
7300;13277747;13277733;8162.945747375488
7300;13109891;13109880;8051.175355911255
7300;13308739;13308732;8272.265911102295
7300;13345481;13345473;8242.84839630127
7300;13384251;13384236;8421.036958694458
7300;13379069;13379064;8483.813762664795
7300;13360002;13359994;8381.75368309021
7300;13367707;13367699;9647.50599861145
7400;13611919;13611910;9499.16124343872
7400;13857626;13857618;8792.263984680176
7400;13740318;13740302;8628.583908081055
7400;13589588;13589586;8462.939739227295
7400;13743101;13743086;8584.424495697021
7400;13679347;13679338;8919.909238815308
7400;13707655;13707646;8729.756593704224
7400;13866916;13866908;8668.817043304443
7400;13717133;13717124;8816.436529159546
7400;13686169;13686166;8606.809854507446
7500;13908600;13908593;9089.404821395874
7500;14019076;14019072;8741.914987564087
7500;13966603;13966591;8700.826168060303
7500;14003549;14003536;9132.659673690796
7500;14063737;14063724;9139.573812484741
7500;14065070;14065067;8665.748357772827
7500;13959660;13959651;8903.45048904419
7500;14209914;14209905;8726.008653640747
7500;14099623;14099616;8930.42254447937
7500;14139683;14139676;9051.897048950195
7600;14276723;14276707;9183.08973312378
7600;14414397;14414382;8951.616287231445
7600;14360077;14360069;9009.43636894226
7600;14326315;14326308;9048.580884933472
7600;14438781;14438774;8984.362840652466
7600;14514257;14514249;8960.283756256104
7600;14326338;14326331;12331.461668014526
7600;14500711;14500703;13992.115259170532
7600;14601896;14601887;10875.412225723267
7600;14441889;14441880;9668.121576309204
7700;14493184;14493176;11089.057922363281
7700;14734573;14734563;9884.855270385742
7700;14818680;14818673;12266.271114349365
7700;14823322;14823310;10430.519342422485
7700;14971335;14971328;11082.383394241333
7700;14891529;14891518;11295.302629470825
7700;14909674;14909663;9402.425527572632
7700;14651023;14651015;9679.276943206787
7700;14705284;14705278;10069.771766662598
7700;14795997;14795987;10647.884607315063
7800;15201912;15201898;13136.211156845093
7800;15174014;15174004;10586.870908737183
7800;15182732;15182727;12701.630353927612
7800;15073347;15073341;12514.173746109009
7800;15212057;15212049;10894.644021987915
7800;15473441;15473431;9469.964981079102
7800;15189129;15189120;9366.53470993042
7800;15461383;15461371;9494.105339050293
7800;15027174;15027164;9271.150588989258
7800;15227735;15227730;9382.380723953247
7900;15677778;15677770;9729.020833969116
7900;15732212;15732203;9692.623853683472
7900;15450629;15450622;9517.401695251465
7900;15647919;15647911;9625.776767730713
7900;15718718;15718709;9754.29081916809
7900;15759511;15759498;9754.054069519043
7900;15724889;15724886;9732.86485671997
7900;15601269;15601259;9575.595617294312
7900;15521125;15521119;9639.143943786621
7900;15512144;15512133;9588.260889053345
8000;15953871;15953868;9822.835683822632
8000;16030957;16030946;9921.833515167236
8000;15988949;15988944;9987.69211769104
8000;16008716;16008711;9931.255340576172
8000;16011323;16011318;9854.605674743652
8000;16277287;16277282;10014.374494552612
8000;15874625;15874614;9936.996221542358
8000;16063393;16063380;9935.173273086548
8000;16206500;16206492;10135.072946548462
8000;16104025;16104014;9949.723958969116
8100;16308018;16308012;10085.993528366089
8100;16533081;16533073;10152.727127075195
8100;16506580;16506573;10168.142318725586
8100;16605503;16605496;10212.893724441528
8100;16440251;16440243;10711.507797241211
8100;16296839;16296828;10109.520196914673
8100;16183993;16183987;10006.026268005371
8100;16479228;16479219;10128.504037857056
8100;16362696;16362684;10035.343885421753
8100;16327514;16327505;10086.690902709961
8200;16745295;16745287;10294.756650924683
8200;16928719;16928708;10435.245752334595
8200;16739763;16739755;10314.602375030518
8200;17047808;17047802;10528.042078018188
8200;16851799;16851791;10495.42236328125
8200;16720072;16720066;10266.95466041565
8200;16637750;16637740;10263.444662094116
8200;16902350;16902342;10385.717391967773
8200;17018341;17018330;10545.681238174438
8200;16895074;16895067;10422.960758209229
8300;17333656;17333646;10676.344871520996
8300;17305211;17305200;10605.30710220337
8300;17316080;17316068;10689.995765686035
8300;17077793;17077785;10515.604734420776
8300;17373178;17373171;10708.891153335571
8300;17242335;17242324;10683.967351913452
8300;17312714;17312708;11047.85966873169
8300;17007286;17007278;10507.956743240356
8300;17421538;17421527;10824.764728546143
8300;16986444;16986435;10487.107038497925
8400;17585830;17585823;10842.49234199524
8400;17680374;17680365;10862.843990325928
8400;17688814;17688802;10881.048917770386
8400;17697932;17697922;10928.025245666504
8400;17490950;17490947;10791.143417358398
8400;17700905;17700895;10829.498291015625
8400;17910752;17910743;11041.72658920288
8400;17765845;17765837;10870.197296142578
8400;17600054;17600045;10925.4629611969
8400;17589811;17589808;10771.442413330078
8500;17888759;17888748;10969.570398330688
8500;18090660;18090652;11164.807558059692
8500;18134221;18134216;11152.889251708984
8500;17725548;17725541;10863.965511322021
8500;17935664;17935655;11091.25828742981
8500;18301198;18301193;11320.910215377808
8500;18345823;18345815;11314.891338348389
8500;17892396;17892392;11030.828714370728
8500;18380473;18380464;11386.71875
8500;17897008;17896997;10993.027210235596
8600;18424249;18424243;11302.472591400146
8600;18568518;18568511;11395.60866355896
8600;18383478;18383469;11347.963571548462
8600;18560096;18560089;11425.304412841797
8600;18173392;18173383;11214.892864227295
8600;18566619;18566609;11418.277978897095
8600;18547088;18547077;11511.58595085144
8600;18398211;18398203;11332.730293273926
8600;18578574;18578561;11396.350860595703
8600;18406812;18406801;11417.369842529297
8700;19028200;19028190;11812.650680541992
8700;19335334;19335328;11860.764265060425
8700;19087461;19087449;12176.369190216064
8700;18843010;18842998;11575.607299804688
8700;18904226;18904222;11667.915344238281
8700;18782513;18782507;11554.43286895752
8700;18948825;18948817;11682.965517044067
8700;18930710;18930702;11633.912563323975
8700;19156288;19156274;11758.119583129883
8700;18941567;18941564;11649.595499038696
8800;19215418;19215411;11840.076923370361
8800;19350813;19350807;11842.222690582275
8800;19422352;19422342;11926.22184753418
8800;19099156;19099151;11716.12548828125
8800;19303242;19303237;11855.28564453125
8800;19368768;19368761;11900.522708892822
8800;19709029;19709022;12096.099853515625
8800;19399446;19399437;11886.112213134766
8800;19191558;19191546;12011.713981628418
8800;19309572;19309562;11953.375101089478
8900;19940973;19940965;12318.310260772705
8900;19726101;19726089;12069.25916671753
8900;19957892;19957880;12391.17693901062
8900;19439081;19439075;11998.98648262024
8900;19451757;19451747;11925.463914871216
8900;20000981;20000975;12322.371482849121
8900;19704591;19704583;12166.256427764893
8900;19897072;19897063;12227.804899215698
8900;19606664;19606657;12030.014514923096
8900;19976424;19976414;12319.129467010498
9000;20019375;20019368;12375.65565109253
9000;20250141;20250134;12539.440631866455
9000;20464853;20464851;12662.20211982727
9000;20398595;20398583;12529.01577949524
9000;20445378;20445371;12952.560663223267
9000;20139826;20139819;12399.228572845459
9000;20155844;20155841;12374.02868270874
9000;20091595;20091590;12350.803136825562
9000;20188086;20188076;12422.21713066101
9000;20207722;20207713;12431.144714355469
9100;20747871;20747864;12746.80471420288
9100;20671331;20671325;12637.58134841919
9100;20603428;20603419;12640.267848968506
9100;20648398;20648389;12699.976444244385
9100;20825327;20825315;12927.20103263855
9100;20657466;20657459;12661.205053329468
9100;20824797;20824789;12781.101942062378
9100;20590178;20590167;12676.055908203125
9100;20819269;20819261;12810.530185699463
9100;20473056;20473043;12557.63053894043
9200;21092498;21092488;13028.403520584106
9200;21316355;21316349;13275.334596633911
9200;20965494;20965489;17511.611938476562
9200;20972977;20972969;15536.68212890625
9200;21280302;21280292;13168.483018875122
9200;21053524;21053517;12960.599899291992
9200;21357344;21357334;13224.76577758789
9200;21120724;21120716;12990.057945251465
9200;21083360;21083353;12973.050355911255
9200;20987940;20987928;12894.801616668701
9300;21754454;21754443;13518.749475479126
9300;21753775;21753764;13387.391328811646
9300;21783346;21783337;13486.948251724243
9300;21827086;21827074;13448.131561279297
9300;21445310;21445302;13246.043920516968
9300;21588725;21588712;13283.40220451355
9300;21603593;21603584;13209.286451339722
9300;21670386;21670375;13362.115383148193
9300;21624868;21624856;13233.31069946289
9300;21530906;21530893;13279.009580612183
9400;22059565;22059556;13632.926225662231
9400;22075762;22075756;13676.56135559082
9400;21821979;21821972;13489.3159866333
9400;22000872;22000863;13565.0475025177
9400;22166497;22166487;13743.698596954346
9400;22095007;22094994;13530.62653541565
9400;22182215;22182208;14117.301940917969
9400;22136439;22136433;13540.735244750977
9400;22026263;22026260;13462.73136138916
9400;22192187;22192183;13567.464351654053
9500;22469631;22469624;13905.867338180542
9500;22608901;22608894;13786.74602508545
9500;22665848;22665836;13918.75147819519
9500;22651347;22651340;13868.146181106567
9500;22777880;22777872;13991.93787574768
9500;22815836;22815829;13982.68723487854
9500;22544061;22544050;13918.614625930786
9500;22503988;22503981;13987.593173980713
9500;22667087;22667078;13945.96815109253
9500;22808022;22808009;13965.173959732056
9600;22922480;22922470;13974.232912063599
9600;22985868;22985862;14136.845350265503
9600;23060669;23060663;14250.638008117676
9600;22820986;22820978;15761.59119606018
9600;23055979;23055972;14814.99433517456
9600;22879252;22879244;14216.043472290039
9600;22942230;22942220;14171.736240386963
9600;23124160;23124149;14244.08507347107
9600;22917885;22917877;14041.363954544067
9600;23075609;23075599;14255.833864212036
9700;23609966;23609957;14533.900499343872
9700;23610159;23610152;14479.240894317627
9700;23729817;23729804;14626.141548156738
9700;23526230;23526221;14433.616638183594
9700;23651789;23651781;14494.261741638184
9700;23449878;23449871;14442.546367645264
9700;23929501;23929490;18200.348615646362
9700;23395645;23395636;16831.867218017578
9700;23382432;23382424;14344.156265258789
9700;23304441;23304436;14283.741235733032
9800;23809188;23809174;14580.607652664185
9800;23886471;23886462;14721.97961807251
9800;23881527;23881518;14647.97592163086
9800;23758672;23758657;14607.771158218384
9800;23763978;23763972;14550.41217803955
9800;24080361;24080355;15612.991333007812
9800;24197911;24197897;14959.120273590088
9800;24023200;24023194;14721.000909805298
9800;24170479;24170473;14974.265575408936
9800;24050932;24050925;14841.201782226562
9900;24489408;24489402;15060.893535614014
9900;24530559;24530552;15533.8134765625
9900;24505455;24505446;15709.286451339722
9900;24423242;24423228;15057.24048614502
9900;24643136;24643128;15138.609409332275
9900;24690368;24690356;15164.644718170166
9900;24649521;24649513;15153.8405418396
9900;24603048;24603043;15082.302331924438
9900;24415541;24415530;14928.704023361206
9900;24576475;24576463;15071.39277458191
10000;25237506;25237497;15575.377941131592
10000;25001469;25001463;15297.85966873169
10000;24926836;24926826;15272.79782295227
10000;25198938;25198927;15537.752628326416
10000;25035563;25035548;15367.244482040405
10000;25175940;25175932;15425.720930099487
10000;25019332;25019319;15479.086875915527
10000;25104459;25104449;15461.492538452148
10000;24732349;24732340;15167.032480239868
10000;25175095;25175092;15644.346475601196
